Accuracy,Avg Token #,Average Latency (s),P90 Latency (s),P95 Latency (s),P99 Latency (s)
0.28,1.38,2.2916196436882017,2.559307813644409,2.562417984008789,2.7621471881866455
